{
 "cells": [
  {
   "cell_type": "code",
   "execution_count": 27,
   "metadata": {},
   "outputs": [],
   "source": [
    "# Import basic modules\n",
    "\n",
    "import numpy as np\n",
    "import pandas as pd\n"
   ]
  },
  {
   "cell_type": "code",
   "execution_count": 21,
   "metadata": {},
   "outputs": [],
   "source": [
    "df = pd.read_csv('D:/Study/DataScience/RecommenderSystems/movie_testdataset.csv')"
   ]
  },
  {
   "cell_type": "code",
   "execution_count": 29,
   "metadata": {},
   "outputs": [],
   "source": [
    "df['features'] = df['genres'] + \" \" + df['keywords'] + \" \" + df['cast'] + \" \" + df['director']"
   ]
  },
  {
   "cell_type": "code",
   "execution_count": 40,
   "metadata": {},
   "outputs": [
    {
     "name": "stdout",
     "output_type": "stream",
     "text": [
      "[[1.         0.10540926 0.12038585 0.03774257 0.23094011 0.19245009\n",
      "  0.         0.14054567 0.08206099 0.11785113 0.23094011 0.07698004\n",
      "  0.12038585 0.11547005 0.18184824 0.07548514 0.13826023 0.12309149\n",
      "  0.14054567 0.12309149 0.11785113 0.07856742 0.08830216 0.12909944\n",
      "  0.06804138 0.0860663  0.21821789]\n",
      " [0.10540926 1.         0.0761387  0.03580574 0.07302967 0.25560386\n",
      "  0.         0.06666667 0.11677484 0.1118034  0.10954451 0.07302967\n",
      "  0.60910959 0.21908902 0.10350983 0.07161149 0.06558258 0.19462474\n",
      "  0.03333333 0.11677484 0.1490712  0.0745356  0.08377078 0.08164966\n",
      "  0.06454972 0.         0.06900656]\n",
      " [0.12038585 0.0761387  1.         0.16357216 0.20851441 0.12510865\n",
      "  0.         0.19034675 0.08891084 0.17025131 0.12510865 0.33362306\n",
      "  0.08695652 0.08340577 0.15762208 0.16357216 0.14980118 0.08891084\n",
      "  0.03806935 0.08891084 0.08512565 0.08512565 0.04783649 0.18650096\n",
      "  0.07372098 0.         0.11821656]\n",
      " [0.03774257 0.03580574 0.16357216 1.         0.03922323 0.07844645\n",
      "  0.         0.03580574 0.0836242  0.12009612 0.11766968 0.23533936\n",
      "  0.04089304 0.03922323 0.14824986 0.         0.0352235  0.0418121\n",
      "  0.07161149 0.0418121  0.04003204 0.04003204 0.         0.\n",
      "  0.06933752 0.0877058  0.03706247]\n",
      " [0.23094011 0.07302967 0.20851441 0.03922323 1.         0.2\n",
      "  0.         0.21908902 0.04264014 0.16329932 0.16       0.08\n",
      "  0.08340577 0.08       0.22677868 0.19611614 0.21552636 0.08528029\n",
      "  0.14605935 0.08528029 0.12247449 0.08164966 0.04588315 0.04472136\n",
      "  0.10606602 0.         0.15118579]\n",
      " [0.19245009 0.25560386 0.12510865 0.07844645 0.2        1.\n",
      "  0.         0.07302967 0.12792043 0.12247449 0.16       0.08\n",
      "  0.12510865 0.12       0.11338934 0.07844645 0.07184212 0.12792043\n",
      "  0.03651484 0.12792043 0.16329932 0.08164966 0.09176629 0.13416408\n",
      "  0.10606602 0.04472136 0.07559289]\n",
      " [0.         0.         0.         0.         0.         0.\n",
      "  1.         0.         0.0978232  0.         0.         0.\n",
      "  0.         0.04588315 0.         0.04499213 0.         0.\n",
      "  0.         0.         0.         0.         0.         0.\n",
      "  0.         0.         0.        ]\n",
      " [0.14054567 0.06666667 0.19034675 0.03580574 0.21908902 0.07302967\n",
      "  0.         1.         0.03892495 0.2981424  0.21908902 0.07302967\n",
      "  0.0761387  0.07302967 0.34503278 0.10741723 0.91815617 0.07784989\n",
      "  0.1        0.07784989 0.186339   0.1118034  0.04188539 0.12247449\n",
      "  0.06454972 0.         0.58655573]\n",
      " [0.08206099 0.11677484 0.08891084 0.0836242  0.04264014 0.12792043\n",
      "  0.0978232  0.03892495 1.         0.08703883 0.08528029 0.08528029\n",
      "  0.13336627 0.04264014 0.12087344 0.1254363  0.03829198 0.09090909\n",
      "  0.07784989 0.09090909 0.17407766 0.04351941 0.0978232  0.14301939\n",
      "  0.03768892 0.         0.04029115]\n",
      " [0.11785113 0.1118034  0.17025131 0.12009612 0.16329932 0.12247449\n",
      "  0.         0.2981424  0.08703883 1.         0.24494897 0.08164966\n",
      "  0.12768848 0.08164966 0.6172134  0.20016019 0.29329423 0.13055824\n",
      "  0.0372678  0.13055824 0.20833333 0.08333333 0.09365858 0.09128709\n",
      "  0.07216878 0.         0.15430335]\n",
      " [0.23094011 0.10954451 0.12510865 0.11766968 0.16       0.16\n",
      "  0.         0.21908902 0.08528029 0.24494897 1.         0.08\n",
      "  0.12510865 0.12       0.45355737 0.07844645 0.1796053  0.17056057\n",
      "  0.14605935 0.12792043 0.12247449 0.08164966 0.09176629 0.08944272\n",
      "  0.07071068 0.08944272 0.22677868]\n",
      " [0.07698004 0.07302967 0.33362306 0.23533936 0.08       0.08\n",
      "  0.         0.07302967 0.08528029 0.08164966 0.08       1.\n",
      "  0.08340577 0.08       0.07559289 0.03922323 0.07184212 0.08528029\n",
      "  0.03651484 0.08528029 0.12247449 0.08164966 0.04588315 0.13416408\n",
      "  0.07071068 0.04472136 0.07559289]\n",
      " [0.12038585 0.60910959 0.08695652 0.04089304 0.08340577 0.12510865\n",
      "  0.         0.0761387  0.13336627 0.12768848 0.12510865 0.08340577\n",
      "  1.         0.2502173  0.11821656 0.08178608 0.07490059 0.22227711\n",
      "  0.03806935 0.13336627 0.12768848 0.08512565 0.09567297 0.09325048\n",
      "  0.07372098 0.         0.07881104]\n",
      " [0.11547005 0.21908902 0.08340577 0.03922323 0.08       0.12\n",
      "  0.04588315 0.07302967 0.04264014 0.08164966 0.12       0.08\n",
      "  0.2502173  1.         0.07559289 0.07844645 0.07184212 0.17056057\n",
      "  0.03651484 0.08528029 0.08164966 0.12247449 0.04588315 0.04472136\n",
      "  0.07071068 0.04472136 0.07559289]\n",
      " [0.18184824 0.10350983 0.15762208 0.14824986 0.22677868 0.11338934\n",
      "  0.         0.34503278 0.12087344 0.6172134  0.45355737 0.07559289\n",
      "  0.11821656 0.07559289 1.         0.14824986 0.33942212 0.16116459\n",
      "  0.17251639 0.12087344 0.15430335 0.07715167 0.086711   0.08451543\n",
      "  0.06681531 0.         0.21428571]\n",
      " [0.07548514 0.07161149 0.16357216 0.         0.19611614 0.07844645\n",
      "  0.04499213 0.10741723 0.1254363  0.20016019 0.07844645 0.03922323\n",
      "  0.08178608 0.07844645 0.14824986 1.         0.10567049 0.0836242\n",
      "  0.03580574 0.0836242  0.12009612 0.08006408 0.08998425 0.0877058\n",
      "  0.03466876 0.         0.03706247]\n",
      " [0.13826023 0.06558258 0.14980118 0.0352235  0.21552636 0.07184212\n",
      "  0.         0.91815617 0.03829198 0.29329423 0.1796053  0.07184212\n",
      "  0.07490059 0.07184212 0.33942212 0.10567049 1.         0.07658396\n",
      "  0.09837388 0.07658396 0.18330889 0.10998534 0.04120428 0.1204829\n",
      "  0.06350006 0.         0.54307539]\n",
      " [0.12309149 0.19462474 0.08891084 0.0418121  0.08528029 0.12792043\n",
      "  0.         0.07784989 0.09090909 0.13055824 0.17056057 0.08528029\n",
      "  0.22227711 0.17056057 0.16116459 0.0836242  0.07658396 1.\n",
      "  0.03892495 0.18181818 0.13055824 0.08703883 0.1467348  0.09534626\n",
      "  0.07537784 0.         0.0805823 ]\n",
      " [0.14054567 0.03333333 0.03806935 0.07161149 0.14605935 0.03651484\n",
      "  0.         0.1        0.07784989 0.0372678  0.14605935 0.03651484\n",
      "  0.03806935 0.03651484 0.17251639 0.03580574 0.09837388 0.03892495\n",
      "  1.         0.03892495 0.0745356  0.0372678  0.         0.\n",
      "  0.03227486 0.         0.10350983]\n",
      " [0.12309149 0.11677484 0.08891084 0.0418121  0.08528029 0.12792043\n",
      "  0.         0.07784989 0.09090909 0.13055824 0.12792043 0.08528029\n",
      "  0.13336627 0.08528029 0.12087344 0.0836242  0.07658396 0.18181818\n",
      "  0.03892495 1.         0.13055824 0.08703883 0.83149718 0.09534626\n",
      "  0.15075567 0.         0.0805823 ]\n",
      " [0.11785113 0.1490712  0.08512565 0.04003204 0.12247449 0.16329932\n",
      "  0.         0.186339   0.17407766 0.20833333 0.12247449 0.12247449\n",
      "  0.12768848 0.08164966 0.15430335 0.12009612 0.18330889 0.13055824\n",
      "  0.0745356  0.13055824 1.         0.125      0.09365858 0.13693064\n",
      "  0.07216878 0.         0.15430335]\n",
      " [0.07856742 0.0745356  0.08512565 0.04003204 0.08164966 0.08164966\n",
      "  0.         0.1118034  0.04351941 0.08333333 0.08164966 0.08164966\n",
      "  0.08512565 0.12247449 0.07715167 0.08006408 0.10998534 0.08703883\n",
      "  0.0372678  0.08703883 0.125      1.         0.04682929 0.04564355\n",
      "  0.07216878 0.         0.07715167]\n",
      " [0.08830216 0.08377078 0.04783649 0.         0.04588315 0.09176629\n",
      "  0.         0.04188539 0.0978232  0.09365858 0.09176629 0.04588315\n",
      "  0.09567297 0.04588315 0.086711   0.08998425 0.04120428 0.1467348\n",
      "  0.         0.83149718 0.09365858 0.04682929 1.         0.10259784\n",
      "  0.12166607 0.         0.0433555 ]\n",
      " [0.12909944 0.08164966 0.18650096 0.         0.04472136 0.13416408\n",
      "  0.         0.12247449 0.14301939 0.09128709 0.08944272 0.13416408\n",
      "  0.09325048 0.04472136 0.08451543 0.0877058  0.1204829  0.09534626\n",
      "  0.         0.09534626 0.13693064 0.04564355 0.10259784 1.\n",
      "  0.03952847 0.         0.08451543]\n",
      " [0.06804138 0.06454972 0.07372098 0.06933752 0.10606602 0.10606602\n",
      "  0.         0.06454972 0.03768892 0.07216878 0.07071068 0.07071068\n",
      "  0.07372098 0.07071068 0.06681531 0.03466876 0.06350006 0.07537784\n",
      "  0.03227486 0.15075567 0.07216878 0.07216878 0.12166607 0.03952847\n",
      "  1.         0.03952847 0.06681531]\n",
      " [0.0860663  0.         0.         0.0877058  0.         0.04472136\n",
      "  0.         0.         0.         0.         0.08944272 0.04472136\n",
      "  0.         0.04472136 0.         0.         0.         0.\n",
      "  0.         0.         0.         0.         0.         0.\n",
      "  0.03952847 1.         0.        ]\n",
      " [0.21821789 0.06900656 0.11821656 0.03706247 0.15118579 0.07559289\n",
      "  0.         0.58655573 0.04029115 0.15430335 0.22677868 0.07559289\n",
      "  0.07881104 0.07559289 0.21428571 0.03706247 0.54307539 0.0805823\n",
      "  0.10350983 0.0805823  0.15430335 0.07715167 0.0433555  0.08451543\n",
      "  0.06681531 0.         1.        ]]\n"
     ]
    }
   ],
   "source": [
    "# Import modules required to create similarity matrix\n",
    "\n",
    "from sklearn.feature_extraction.text import CountVectorizer\n",
    "from sklearn.metrics.pairwise import cosine_similarity\n",
    "\n",
    "# Create count matrix\n",
    "cv = CountVectorizer()\n",
    "\n",
    "cv.fit_transform(df['features'])\n",
    "\n",
    "cv_matrix = cv.fit_transform(df['features']).toarray()\n",
    "\n",
    "# Create Similarity Matrix\n",
    "\n",
    "similarity_matrix = cosine_similarity(cv_matrix)\n",
    "\n",
    "print(similarity_matrix)"
   ]
  },
  {
   "cell_type": "code",
   "execution_count": 208,
   "metadata": {},
   "outputs": [
    {
     "name": "stdout",
     "output_type": "stream",
     "text": [
      "18\n"
     ]
    }
   ],
   "source": [
    "# Function to return index of a movie if name of the movie is given\n",
    "\n",
    "def get_index_from_title(name):\n",
    "    try:\n",
    "        return df[df['original_title'] == name ]['index'].values[0]\n",
    "    except:\n",
    "        print('Movie not found in list !!')\n",
    "    \n",
    "movie_index = get_index_from_title('Men in Black 3')\n",
    "\n",
    "print(movie_index)"
   ]
  },
  {
   "cell_type": "code",
   "execution_count": 209,
   "metadata": {},
   "outputs": [],
   "source": [
    "# Once the index of the movie is known sort the corresponding index row in similarity matrix\n",
    "\n",
    "similar_movies  = list(enumerate(similarity_matrix[movie_index]))\n",
    "\n",
    "# sorted movie list with index number\n",
    "\n",
    "def takeSecond(elem):\n",
    "    return elem[1]\n",
    "\n",
    "sorted_movie_list = sorted(similar_movies, key=takeSecond, reverse= True)"
   ]
  },
  {
   "cell_type": "code",
   "execution_count": 210,
   "metadata": {},
   "outputs": [
    {
     "name": "stdout",
     "output_type": "stream",
     "text": [
      "Men in Black 3\n",
      "Man of Steel\n",
      "John Carter\n",
      "Superman Returns\n",
      "Avatar\n"
     ]
    }
   ],
   "source": [
    "# Now return top 5 movie names with Indexes\n",
    "\n",
    "def get_title_from_index(index):\n",
    "    return df[df['index'] == index ]['original_title'].values[0]\n",
    "\n",
    "for movie in sorted_movie_list[0:5]:\n",
    "    print(get_title_from_index(movie[0]))\n",
    "\n",
    "    "
   ]
  },
  {
   "cell_type": "code",
   "execution_count": null,
   "metadata": {},
   "outputs": [],
   "source": []
  }
 ],
 "metadata": {
  "kernelspec": {
   "display_name": "Python 3",
   "language": "python",
   "name": "python3"
  },
  "language_info": {
   "codemirror_mode": {
    "name": "ipython",
    "version": 3
   },
   "file_extension": ".py",
   "mimetype": "text/x-python",
   "name": "python",
   "nbconvert_exporter": "python",
   "pygments_lexer": "ipython3",
   "version": "3.7.1"
  }
 },
 "nbformat": 4,
 "nbformat_minor": 2
}
